%    Berkeley, CA, station ID  74506003
% T	VER	NOAA NCDC GHCN v2 adjusted mean temp
% months since 1960-01-01	unitless	Celsius_scale
    -877.500	           0	    14.70000
    -876.500	           0	    11.60000
    -875.500	           0	    10.70000
    -874.500	           0	     7.70000
    -873.500	           0	    10.00000
    -872.500	           0	    10.10000
    -871.500	           0	    11.80000
    -870.500	           0	    14.80000
    -869.500	           0	    13.60000
    -868.500	           0	    13.80000
    -867.500	           0	    15.40000
    -866.500	           0	    16.60000
    -865.500	           0	    12.00000
    -864.500	           0	    10.70000
    -863.500	           0	     8.00000
    -862.500	           0	    11.50000
    -861.500	           0	     8.80000
    -860.500	           0	    11.80000
    -859.500	           0	    11.70000
    -858.500	           0	    16.50000
    -857.500	           0	    16.30000
    -856.500	           0	    15.30000
    -855.500	           0	    16.10000
    -854.500	           0	    15.00000
    -853.500	           0	    12.80000
    -852.500	           0	    11.80000
    -851.500	           0	     9.30000
    -850.500	           0	    11.60000
    -849.500	           0	    10.90000
    -848.500	           0	    11.90000
    -847.500	           0	    12.70000
    -846.500	           0	    15.00000
    -845.500	           0	    14.50000
    -844.500	           0	    15.20000
    -843.500	           0	    16.90000
    -842.500	           0	    15.40000
    -841.500	           0	    13.40000
    -840.500	           0	     9.90000
    -839.500	           0	     7.30000
    -838.500	           0	     8.60000
    -837.500	           0	     9.10000
    -836.500	           0	    10.10000
    -835.500	           0	    12.80000
    -834.500	           0	    14.70000
    -833.500	           0	    15.40000
    -832.500	           0	    15.50000
    -831.500	           0	    15.10000
    -830.500	           0	    15.40000
    -829.500	           0	    13.80000
    -828.500	           0	     9.70000
    -827.500	           0	    10.70000
    -826.500	           0	    10.40000
    -825.500	           0	     9.70000
    -824.500	           0	     9.90000
    -823.500	           0	    11.80000
    -822.500	           0	    16.20000
    -821.500	           0	    16.50000
    -820.500	           0	    17.00000
    -819.500	           0	    16.30000
    -818.500	           0	    14.60000
    -817.500	           0	    13.60000
    -816.500	           0	     9.20000
    -815.500	           0	    10.70000
    -814.500	           0	    11.30000
    -813.500	           0	    10.20000
    -812.500	           0	     9.30000
    -811.500	           0	    12.40000
    -810.500	           0	    14.20000
    -809.500	           0	    15.00000
    -808.500	           0	    15.30000
    -807.500	           0	    16.30000
    -806.500	           0	    15.10000
    -805.500	           0	    13.00000
    -804.500	           0	    10.70000
    -803.500	           0	     9.00000
    -802.500	           0	     9.80000
    -801.500	           0	     9.00000
    -800.500	           0	     9.80000
    -799.500	           0	    13.10000
    -798.500	           0	    15.90000
    -797.500	           0	    16.30000
    -796.500	           0	    15.70000
    -795.500	           0	    15.60000
    -794.500	           0	    14.10000
    -793.500	           0	    12.40000
    -792.500	           0	    11.10000
    -791.500	           0	     8.60000
    -790.500	           0	     8.90000
    -789.500	           0	     8.50000
    -788.500	           0	    11.80000
    -787.500	           0	    12.50000
    -786.500	           0	    15.10000
    -785.500	           0	    15.80000
    -784.500	           0	    17.00000
    -783.500	           0	    18.00000
    -782.500	           0	    15.10000
    -781.500	           0	    14.10000
    -780.500	           0	     9.70000
    -779.500	           0	     8.90000
    -778.500	           0	    12.00000
    -777.500	           0	     9.50000
    -776.500	           0	    11.40000
    -775.500	           0	    14.20000
    -774.500	           0	    16.70000
    -773.500	           0	    16.70000
    -772.500	           0	    16.60000
    -771.500	           0	    16.40000
    -770.500	           0	    15.10000
    -769.500	           0	    12.70000
    -768.500	           0	     9.10000
    -767.500	           0	    11.20000
    -766.500	           0	    12.70000
    -765.500	           0	    10.70000
    -764.500	           0	     9.50000
    -763.500	           0	    12.90000
    -762.500	           0	    16.50000
    -761.500	           0	    17.90000
    -760.500	           0	    17.60000
    -759.500	           0	    16.20000
    -758.500	           0	    15.30000
    -757.500	           0	    10.60000
    -756.500	           0	    11.20000
    -755.500	           0	     9.20000
    -754.500	           0	    10.10000
    -753.500	           0	     7.40000
    -752.500	           0	    12.90000
    -751.500	           0	    14.40000
    -750.500	           0	    16.70000
    -749.500	           0	    17.20000
    -748.500	           0	    16.00000
    -747.500	           0	    17.00000
    -746.500	           0	    14.60000
    -745.500	           0	    10.60000
    -744.500	           0	     9.80000
    -743.500	           0	     7.90000
    -742.500	           0	    11.80000
    -741.500	           0	     9.10000
    -740.500	           0	    12.20000
    -739.500	           0	    11.60000
    -738.500	           0	    17.10000
    -737.500	           0	    16.30000
    -736.500	           0	    16.30000
    -735.500	           0	    16.20000
    -734.500	           0	    15.90000
    -733.500	           0	    12.00000
    -732.500	           0	     9.80000
    -731.500	           0	    11.70000
    -730.500	           0	    11.30000
    -729.500	           0	     9.80000
    -728.500	           0	    11.70000
    -727.500	           0	    11.70000
    -726.500	           0	    16.00000
    -725.500	           0	    15.50000
    -724.500	           0	    16.00000
    -723.500	           0	    16.00000
    -722.500	           0	    14.60000
    -721.500	           0	    12.90000
    -720.500	           0	     9.80000
    -719.500	           0	    10.70000
    -718.500	           0	    11.70000
    -717.500	           0	    11.30000
    -716.500	           0	    11.00000
    -715.500	           0	    14.50000
    -714.500	           0	    16.50000
    -713.500	           0	    17.10000
    -712.500	           0	    16.80000
    -711.500	           0	    17.70000
    -710.500	           0	    15.00000
    -709.500	           0	    13.20000
    -708.500	           0	    10.60000
    -707.500	           0	    10.10000
    -706.500	           0	    11.40000
    -705.500	           0	    11.70000
    -704.500	           0	    10.50000
    -703.500	           0	    12.40000
    -702.500	           0	    16.00000
    -701.500	           0	    15.80000
    -700.500	           0	    15.80000
    -699.500	           0	    15.60000
    -698.500	           0	    16.90000
    -697.500	           0	    13.80000
    -696.500	           0	    11.00000
    -695.500	           0	     8.30000
    -694.500	           0	    11.90000
    -693.500	           0	     8.90000
    -692.500	           0	    11.30000
    -691.500	           0	    12.60000
    -690.500	           0	    16.20000
    -689.500	           0	    17.00000
    -688.500	           0	    17.20000
    -687.500	           0	    17.50000
    -686.500	           0	    15.00000
    -685.500	           0	    11.10000
    -684.500	           0	     9.80000
    -683.500	           0	     8.80000
    -682.500	           0	     8.60000
    -681.500	           0	     9.10000
    -680.500	           0	    10.60000
    -679.500	           0	    12.90000
    -678.500	           0	    17.00000
    -677.500	           0	    16.00000
    -676.500	           0	    15.70000
    -675.500	           0	    16.20000
    -674.500	           0	    15.60000
    -673.500	           0	    12.10000
    -672.500	           0	    10.30000
    -671.500	           0	     9.10000
    -670.500	           0	     9.40000
    -669.500	           0	     8.70000
    -668.500	           0	    11.70000
    -667.500	           0	    14.20000
    -666.500	           0	    16.30000
    -665.500	           0	    15.10000
    -664.500	           0	    14.80000
    -663.500	           0	    17.40000
    -662.500	           0	    14.80000
    -661.500	           0	    12.10000
    -660.500	           0	     8.80000
    -659.500	           0	    10.10000
    -658.500	           0	    11.20000
    -657.500	           0	    11.00000
    -656.500	           0	    11.60000
    -655.500	           0	    11.80000
    -654.500	           0	    14.50000
    -653.500	           0	    16.20000
    -652.500	           0	    15.20000
    -651.500	           0	    15.70000
    -650.500	           0	    14.40000
    -649.500	           0	    11.60000
    -648.500	           0	     9.30000
    -647.500	           0	     9.80000
    -646.500	           0	    13.40000
    -645.500	           0	    10.70000
    -644.500	           0	    12.50000
    -643.500	           0	    12.90000
    -642.500	           0	    16.70000
    -641.500	           0	    17.20000
    -640.500	           0	    16.30000
    -639.500	           0	    17.10000
    -638.500	           0	    16.30000
    -637.500	           0	    12.30000
    -636.500	           0	    10.10000
    -635.500	           0	     8.90000
    -634.500	           0	    13.40000
    -633.500	           0	     8.90000
    -632.500	           0	    12.80000
    -631.500	           0	    13.40000
    -630.500	           0	    15.70000
    -629.500	           0	    16.60000
    -628.500	           0	    16.70000
    -627.500	           0	    16.30000
    -626.500	           0	    15.70000
    -625.500	           0	    12.80000
    -624.500	           0	    11.10000
    -623.500	           0	    10.10000
    -622.500	           0	    13.40000
    -621.500	           0	    10.20000
    -620.500	           0	    12.50000
    -619.500	           0	    12.80000
    -618.500	           0	    15.20000
    -617.500	           0	    16.80000
    -616.500	           0	    15.90000
    -615.500	           0	    16.60000
    -614.500	           0	    14.60000
    -613.500	           0	    11.70000
    -612.500	           0	     8.30000
    -611.500	           0	    11.00000
    -610.500	           0	    10.60000
    -609.500	           0	     8.90000
    -608.500	           0	    12.50000
    -607.500	           0	    12.70000
    -606.500	           0	    15.60000
    -605.500	           0	    16.90000
    -604.500	           0	    16.10000
    -603.500	           0	    17.10000
    -602.500	           0	    14.70000
    -601.500	           0	    11.50000
    -600.500	           0	     9.50000
    -599.500	           0	     7.60000
    -598.500	           0	     9.60000
    -597.500	           0	    10.80000
    -596.500	           0	    12.60000
    -595.500	           0	    14.70000
    -594.500	           0	    15.20000
    -593.500	           0	    15.70000
    -592.500	           0	    14.70000
    -591.500	           0	    14.60000
    -590.500	           0	    15.40000
    -589.500	           0	    11.30000
    -588.500	           0	    11.00000
    -587.500	           0	    10.10000
    -586.500	           0	     8.70000
    -585.500	           0	    10.60000
    -584.500	           0	    11.00000
    -583.500	           0	    12.70000
    -582.500	           0	    14.60000
    -581.500	           0	    15.10000
    -580.500	           0	    14.80000
    -579.500	           0	    15.30000
    -578.500	           0	    15.00000
    -577.500	           0	    12.20000
    -576.500	           0	     9.80000
    -575.500	           0	    10.70000
    -574.500	           0	    11.80000
    -573.500	           0	     9.20000
    -572.500	           0	    10.10000
    -571.500	           0	    13.40000
    -570.500	           0	    16.80000
    -569.500	           0	    15.40000
    -568.500	           0	    16.30000
    -567.500	           0	    17.40000
    -566.500	           0	    14.40000
    -565.500	           0	    11.90000
    -564.500	           0	    10.10000
    -563.500	           0	     7.90000
    -562.500	           0	    10.80000
    -561.500	           0	     9.70000
    -560.500	           0	    12.00000
    -559.500	           0	    13.30000
    -558.500	           0	    15.20000
    -557.500	           0	    16.70000
    -556.500	           0	    17.60000
    -555.500	           0	    18.20000
    -554.500	           0	    16.00000
    -553.500	           0	    11.20000
    -552.500	           0	     9.70000
    -551.500	           0	    10.10000
    -550.500	           0	    11.70000
    -549.500	           0	    13.40000
    -548.500	           0	    13.20000
    -547.500	           0	    13.00000
    -546.500	           0	    13.80000
    -545.500	           0	    14.90000
    -544.500	           0	    15.10000
    -543.500	           0	    15.50000
    -542.500	           0	    15.60000
    -541.500	           0	    13.20000
    -540.500	           0	     8.30000
    -539.500	           0	     9.40000
    -538.500	           0	    10.50000
    -537.500	           0	    12.20000
    -536.500	           0	    12.30000
    -535.500	           0	    12.60000
    -534.500	           0	    15.20000
    -533.500	           0	    17.60000
    -532.500	           0	    17.10000
    -531.500	           0	    16.20000
    -530.500	           0	    15.50000
    -529.500	           0	    11.80000
    -528.500	           0	    10.20000
    -527.500	           0	     7.10000
    -526.500	           0	    12.70000
    -525.500	           0	    11.90000
    -524.500	           0	    13.30000
    -523.500	           0	    12.80000
    -522.500	           0	    14.40000
    -521.500	           0	    16.20000
    -520.500	           0	    15.60000
    -519.500	           0	    16.30000
    -518.500	           0	    11.90000
    -517.500	           0	    10.10000
    -516.500	           0	     8.20000
    -515.500	           0	     7.60000
    -514.500	           0	    10.20000
    -513.500	           0	     8.80000
    -512.500	           0	    11.80000
    -511.500	           0	    11.70000
    -510.500	           0	    15.70000
    -509.500	           0	    16.40000
    -508.500	           0	    14.80000
    -507.500	           0	    17.80000
    -506.500	           0	    16.10000
    -505.500	           0	    13.10000
    -504.500	           0	    12.70000
    -503.500	           0	    10.90000
    -502.500	           0	    10.30000
    -501.500	           0	    10.70000
    -500.500	           0	    12.40000
    -499.500	           0	    12.00000
    -498.500	           0	    15.80000
    -497.500	           0	    15.60000
    -496.500	           0	    16.70000
    -495.500	           0	    16.10000
    -494.500	           0	    16.30000
    -493.500	           0	    10.80000
    -492.500	           0	     9.00000
    -491.500	           0	    10.60000
    -490.500	           0	     9.90000
    -489.500	           0	     9.40000
    -488.500	           0	    12.10000
    -487.500	           0	    13.80000
    -486.500	           0	    14.90000
    -485.500	           0	    14.80000
    -484.500	           0	    15.50000
    -483.500	           0	    16.50000
    -482.500	           0	    14.00000
    -481.500	           0	    12.00000
    -480.500	           0	     9.10000
    -479.500	           0	    10.50000
    -478.500	           0	    10.90000
    -477.500	           0	     9.40000
    -476.500	           0	    11.30000
    -475.500	           0	    13.60000
    -474.500	           0	    16.10000
    -473.500	           0	    15.60000
    -472.500	           0	    16.60000
    -471.500	           0	    15.40000
    -470.500	           0	    14.10000
    -469.500	           0	    12.40000
    -468.500	           0	     9.50000
    -467.500	           0	     8.90000
    -466.500	           0	    11.20000
    -465.500	           0	    10.90000
    -464.500	           0	    11.80000
    -463.500	           0	    12.00000
    -462.500	           0	    16.70000
    -461.500	           0	    15.90000
    -460.500	           0	    15.90000
    -459.500	           0	    16.60000
    -458.500	           0	    15.40000
    -457.500	           0	    12.50000
    -456.500	           0	    10.90000
    -455.500	           0	     7.40000
    -454.500	           0	     9.20000
    -453.500	           0	     9.30000
    -452.500	           0	    10.40000
    -451.500	           0	    13.70000
    -450.500	           0	    15.40000
    -449.500	           0	    15.80000
    -448.500	           0	    16.30000
    -447.500	           0	    17.30000
    -446.500	           0	    14.70000
    -445.500	           0	    10.60000
    -444.500	           0	     9.90000
    -443.500	           0	     8.40000
    -442.500	           0	    10.60000
    -441.500	           0	    12.10000
    -440.500	           0	    12.00000
    -439.500	           0	    13.30000
    -438.500	           0	    14.30000
    -437.500	           0	    16.60000
    -436.500	           0	    17.10000
    -435.500	           0	    17.20000
    -434.500	           0	    15.30000
    -433.500	           0	    14.60000
    -432.500	           0	     9.30000
    -431.500	           0	     9.40000
    -430.500	           0	    12.70000
    -429.500	           0	    10.70000
    -428.500	           0	    12.60000
    -427.500	           0	    14.00000
    -426.500	           0	    15.00000
    -425.500	           0	    15.20000
    -424.500	           0	    15.40000
    -423.500	           0	    15.50000
    -422.500	           0	    13.90000
    -421.500	           0	    12.00000
    -420.500	           0	     8.10000
    -419.500	           0	     9.90000
    -418.500	           0	    11.90000
    -417.500	           0	    11.40000
    -416.500	           0	    12.40000
    -415.500	           0	    14.00000
    -414.500	           0	    16.00000
    -413.500	           0	    16.00000
    -412.500	           0	    15.90000
    -411.500	           0	    15.70000
    -410.500	           0	    15.00000
    -409.500	           0	    12.30000
    -408.500	           0	    11.40000
    -407.500	           0	     8.90000
    -406.500	           0	    12.40000
    -405.500	           0	    14.10000
    -404.500	           0	    14.80000
    -403.500	           0	    15.00000
    -402.500	           0	    15.30000
    -401.500	           0	    16.60000
    -400.500	           0	    16.40000
    -399.500	           0	    15.20000
    -398.500	           0	    16.20000
    -397.500	           0	    15.20000
    -396.500	           0	    10.10000
    -395.500	           0	    10.40000
    -394.500	           0	    11.80000
    -393.500	           0	    11.30000
    -392.500	           0	    12.10000
    -391.500	           0	    13.80000
    -390.500	           0	    15.50000
    -389.500	           0	    15.30000
    -388.500	           0	    15.80000
    -387.500	           0	    16.40000
    -386.500	           0	    15.90000
    -385.500	           0	    13.30000
    -384.500	           0	    10.10000
    -383.500	           0	    10.00000
    -382.500	           0	    12.10000
    -381.500	           0	    13.20000
    -380.500	           0	    12.80000
    -379.500	           0	    13.80000
    -378.500	           0	    16.00000
    -377.500	           0	    15.10000
    -376.500	           0	    14.90000
    -375.500	           0	    15.70000
    -374.500	           0	    13.80000
    -373.500	           0	    12.30000
    -372.500	           0	     9.30000
    -371.500	           0	     7.90000
    -370.500	           0	     9.60000
    -369.500	           0	    10.50000
    -368.500	           0	    10.60000
    -367.500	           0	    13.10000
    -366.500	           0	    17.00000
    -365.500	           0	    19.10000
    -364.500	           0	    17.00000
    -363.500	           0	    15.50000
    -362.500	           0	    16.40000
    -361.500	           0	    14.60000
    -360.500	           0	    12.30000
    -359.500	           0	     9.10000
    -358.500	           0	    12.90000
    -357.500	           0	    12.90000
    -356.500	           0	    13.60000
    -355.500	           0	    12.70000
    -354.500	           0	    15.60000
    -353.500	           0	    15.10000
    -352.500	           0	    16.80000
    -351.500	           0	    15.90000
    -350.500	           0	    16.30000
    -349.500	           0	    13.30000
    -348.500	           0	    10.80000
    -347.500	           0	    10.90000
    -346.500	           0	    13.10000
    -345.500	           0	    13.60000
    -344.500	           0	    14.10000
    -343.500	           0	    16.10000
    -342.500	           0	    16.80000
    -341.500	           0	    17.20000
    -340.500	           0	    16.00000
    -339.500	           0	    16.00000
    -338.500	           0	    14.50000
    -337.500	           0	    11.00000
    -336.500	           0	     9.10000
    -335.500	           0	     8.90000
    -334.500	           0	    10.10000
    -333.500	           0	    12.80000
    -332.500	           0	    12.00000
    -331.500	           0	    13.60000
    -330.500	           0	    15.00000
    -329.500	           0	    16.10000
    -328.500	           0	    16.20000
    -327.500	           0	    16.40000
    -326.500	           0	    15.80000
    -325.500	           0	    15.30000
    -324.500	           0	     8.20000
    -323.500	           0	     8.00000
    -322.500	           0	     9.80000
    -321.500	           0	    11.90000
    -320.500	           0	    12.00000
    -319.500	           0	    11.70000
    -318.500	           0	    14.50000
    -317.500	           0	    15.60000
    -316.500	           0	    15.70000
    -315.500	           0	    15.20000
    -314.500	           0	    16.00000
    -313.500	           0	    14.50000
    -312.500	           0	    10.30000
    -311.500	           0	    10.90000
    -310.500	           0	    12.30000
    -309.500	           0	    14.70000
    -308.500	           0	    14.00000
    -307.500	           0	    15.00000
    -306.500	           0	    15.80000
    -305.500	           0	    16.20000
    -304.500	           0	    16.50000
    -303.500	           0	    16.70000
    -302.500	           0	    15.60000
    -301.500	           0	    13.30000
    -300.500	           0	    11.30000
    -299.500	           0	     9.80000
    -298.500	           0	    11.30000
    -297.500	           0	     9.90000
    -296.500	           0	    13.50000
    -295.500	           0	    13.50000
    -294.500	           0	    16.50000
    -293.500	           0	    15.80000
    -292.500	           0	    15.80000
    -291.500	           0	    14.90000
    -290.500	           0	    14.70000
    -289.500	           0	    11.60000
    -288.500	           0	    11.10000
    -287.500	           0	    11.20000
    -286.500	           0	    10.90000
    -285.500	           0	    12.60000
    -284.500	           0	    13.20000
    -283.500	           0	    15.50000
    -282.500	           0	    17.10000
    -281.500	           0	    16.90000
    -280.500	           0	    16.40000
    -279.500	           0	    17.10000
    -278.500	           0	    16.20000
    -277.500	           0	    13.30000
    -276.500	           0	    10.10000
    -275.500	           0	     5.60000
    -274.500	           0	     9.30000
    -273.500	           0	    11.60000
    -272.500	           0	    11.90000
    -271.500	           0	    13.90000
    -270.500	           0	    16.50000
    -269.500	           0	    16.20000
    -268.500	           0	    16.50000
    -267.500	           0	    16.20000
    -266.500	           0	    16.50000
    -265.500	           0	    13.40000
    -264.500	           0	    11.50000
    -263.500	           0	    10.50000
    -262.500	           0	    10.80000
    -261.500	           0	    10.10000
    -260.500	           0	    12.00000
    -259.500	           0	    13.70000
    -258.500	           0	    14.90000
    -257.500	           0	    16.10000
    -256.500	           0	    16.70000
    -255.500	           0	    16.50000
    -254.500	           0	    15.50000
    -253.500	           0	    12.70000
    -252.500	           0	    11.70000
    -251.500	           0	    10.20000
    -250.500	           0	    10.00000
    -249.500	           0	    10.50000
    -248.500	           0	    13.10000
    -247.500	           0	    13.70000
    -246.500	           0	    15.40000
    -245.500	           0	    16.20000
    -244.500	           0	    16.50000
    -243.500	           0	    18.30000
    -242.500	           0	    16.40000
    -241.500	           0	    13.90000
    -240.500	           0	    12.30000
    -239.500	           0	    11.00000
    -238.500	           0	    12.30000
    -237.500	           0	    13.00000
    -236.500	           0	    13.70000
    -235.500	           0	    14.10000
    -234.500	           0	    15.50000
    -233.500	           0	    16.60000
    -232.500	           0	    16.30000
    -231.500	           0	    17.20000
    -230.500	           0	    15.90000
    -229.500	           0	    12.50000
    -228.500	           0	    12.10000
    -227.500	           0	    11.20000
    -226.500	           0	    12.30000
    -225.500	           0	    13.90000
    -224.500	           0	    12.50000
    -223.500	           0	    15.70000
    -222.500	           0	    16.40000
    -221.500	           0	    16.70000
    -220.500	           0	    17.20000
    -219.500	           0	    17.20000
    -218.500	           0	    15.30000
    -217.500	           0	    13.70000
    -216.500	           0	    10.90000
    -215.500	           0	    10.40000
    -214.500	           0	    11.00000
    -213.500	           0	    12.00000
    -212.500	           0	    12.10000
    -211.500	           0	    13.20000
    -210.500	           0	    16.00000
    -209.500	           0	    16.80000
    -208.500	           0	    15.80000
    -207.500	           0	    15.50000
    -206.500	           0	    15.70000
    -205.500	           0	    12.10000
    -204.500	           0	    11.10000
    -203.500	           0	    10.30000
    -202.500	           0	    12.80000
    -201.500	           0	    12.50000
    -200.500	           0	    13.30000
    -199.500	           0	    15.10000
    -198.500	           0	    15.00000
    -197.500	           0	    16.40000
    -196.500	           0	    16.90000
    -195.500	           0	    17.30000
    -194.500	           0	    15.70000
    -193.500	           0	    14.20000
    -192.500	           0	    11.60000
    -191.500	           0	    10.60000
    -190.500	           0	    10.30000
    -189.500	           0	    12.50000
    -188.500	           0	    11.20000
    -187.500	           0	    13.40000
    -186.500	           0	    15.10000
    -185.500	           0	    14.90000
    -184.500	           0	    16.40000
    -183.500	           0	    16.30000
    -182.500	           0	    15.70000
    -181.500	           0	    11.80000
    -180.500	           0	    11.80000
    -179.500	           0	     9.60000
    -178.500	           0	    11.90000
    -177.500	           0	    10.30000
    -176.500	           0	    13.20000
    -175.500	           0	    12.70000
    -174.500	           0	    17.30000
    -173.500	           0	    16.50000
    -172.500	           0	    16.20000
    -171.500	           0	    17.10000
    -170.500	           0	    15.80000
    -169.500	           0	    12.20000
    -168.500	           0	    10.80000
    -167.500	           0	     9.90000
    -166.500	           0	    10.00000
    -165.500	           0	    11.10000
    -164.500	           0	    12.60000
    -163.500	           0	    12.90000
    -162.500	           0	    15.70000
    -161.500	           0	    17.00000
    -160.500	           0	    15.70000
    -159.500	           0	    17.00000
    -158.500	           0	    15.30000
    -157.500	           0	    11.60000
    -156.500	           0	    10.20000
    -155.500	           0	     7.90000
    -154.500	           0	    11.70000
    -153.500	           0	    12.60000
    -152.500	           0	    14.40000
    -151.500	           0	    15.40000
    -150.500	           0	    18.20000
    -149.500	           0	    19.10000
    -148.500	           0	    18.60000
    -147.500	           0	    17.90000
    -146.500	           0	    16.40000
    -145.500	           0	    11.70000
    -144.500	           0	     9.90000
    -143.500	           0	    11.50000
    -142.500	           0	     9.70000
    -141.500	           0	     9.80000
    -140.500	           0	    11.10000
    -139.500	           0	    13.40000
    -138.500	           0	    16.20000
    -137.500	           0	    16.80000
    -136.500	           0	    17.10000
    -135.500	           0	    16.80000
    -134.500	           0	    15.90000
    -133.500	           0	    12.80000
    -132.500	           0	     7.70000
    -131.500	           0	     5.80000
    -130.500	           0	     8.20000
    -129.500	           0	    11.50000
    -128.500	           0	    13.40000
    -127.500	           0	    14.40000
    -126.500	           0	    16.40000
    -125.500	           0	    15.70000
    -124.500	           0	    17.10000
    -123.500	           0	    18.00000
    -122.500	           0	    15.20000
    -121.500	           0	    14.90000
    -120.500	           0	     9.40000
    -119.500	           0	     7.40000
    -118.500	           0	    10.40000
    -117.500	           0	    11.10000
    -116.500	           0	    13.50000
    -115.500	           0	    13.40000
    -114.500	           0	    14.90000
    -113.500	           0	    15.50000
    -112.500	           0	    17.00000
    -111.500	           0	    17.80000
    -110.500	           0	    16.50000
    -109.500	           0	    15.30000
    -108.500	           0	    11.70000
    -107.500	           0	     9.50000
    -106.500	           0	    10.80000
    -105.500	           0	    11.90000
    -104.500	           0	    11.40000
    -103.500	           0	    14.40000
    -102.500	           0	    14.30000
    -101.500	           0	    15.20000
    -100.500	           0	    15.30000
     -99.500	           0	    16.70000
     -98.500	           0	    16.30000
     -97.500	           0	    12.90000
     -96.500	           0	     9.20000
     -95.500	           0	     8.20000
     -94.500	           0	    10.80000
     -93.500	           0	    10.20000
     -92.500	           0	    13.10000
     -91.500	           0	    14.80000
     -90.500	           0	    14.60000
     -89.500	           0	    15.80000
     -88.500	           0	    15.90000
     -87.500	           0	    17.30000
     -86.500	           0	    14.50000
     -85.500	           0	    12.90000
     -84.500	           0	     9.90000
     -83.500	           0	    11.70000
     -82.500	           0	    11.80000
     -81.500	           0	    11.40000
     -80.500	           0	    11.80000
     -79.500	           0	    14.10000
     -78.500	           0	    15.90000
     -77.500	           0	    15.60000
     -76.500	           0	    16.70000
     -75.500	           0	    18.00000
     -74.500	           0	    16.30000
     -73.500	           0	    13.10000
     -72.500	           0	    11.90000
     -71.500	           0	    10.20000
     -70.500	           0	    12.20000
     -69.500	           0	    10.40000
     -68.500	           0	    13.70000
     -67.500	           0	    14.40000
     -66.500	           0	    16.10000
     -65.500	           0	    16.80000
     -64.500	           0	    15.40000
     -63.500	           0	    17.40000
     -62.500	           0	    16.30000
     -61.500	           0	    13.20000
     -60.500	           0	     9.30000
     -59.500	           0	     8.00000
     -58.500	           0	    10.50000
     -57.500	           0	    11.70000
     -56.500	           0	    10.70000
     -55.500	           0	    14.60000
     -54.500	           0	    14.80000
     -53.500	           0	    15.50000
     -52.500	           0	    14.70000
     -51.500	           0	    15.70000
     -50.500	           0	    15.10000
     -49.500	           0	    11.70000
     -48.500	           0	    11.00000
     -47.500	           0	     9.90000
     -46.500	           0	     9.20000
     -45.500	           0	    11.30000
     -44.500	           0	    11.70000
     -43.500	           0	    14.30000
     -42.500	           0	    16.30000
     -41.500	           0	    15.20000
     -40.500	           0	    16.00000
     -39.500	           0	    17.40000
     -38.500	           0	    14.50000
     -37.500	           0	    13.70000
     -36.500	           0	    10.40000
     -35.500	           0	     8.10000
     -34.500	           0	    11.50000
     -33.500	           0	    11.50000
     -32.500	           0	    13.70000
     -31.500	           0	    14.30000
     -30.500	           0	    17.30000
     -29.500	           0	    16.80000
     -28.500	           0	    16.70000
     -27.500	           0	    17.80000
     -26.500	           0	    15.90000
     -25.500	           0	    12.40000
     -24.500	           0	    10.30000
     -23.500	           0	    10.70000
     -22.500	           0	    12.80000
     -21.500	           0	    10.40000
     -20.500	           0	    13.30000
     -19.500	           0	    15.30000
     -18.500	           0	    17.40000
     -17.500	           0	    16.10000
     -16.500	           0	    16.70000
     -15.500	           0	    19.20000
     -14.500	           0	    16.40000
     -13.500	           0	    13.40000
     -12.500	           0	    13.10000
     -11.500	           0	    11.00000
     -10.500	           0	    10.90000
      -9.500	           0	    13.90000
      -8.500	           0	    14.30000
      -7.500	           0	    14.40000
      -6.500	           0	    16.90000
      -5.500	           0	    17.00000
      -4.500	           0	    17.00000
      -3.500	           0	    17.30000
      -2.500	           0	    18.00000
      -1.500	           0	    14.30000
      -0.500	           0	    11.50000
       0.500	           0	     9.60000
       1.500	           0	    11.50000
       2.500	           0	    12.50000
       3.500	           0	    13.30000
       4.500	           0	    14.50000
       5.500	           0	    16.80000
       6.500	           0	    16.40000
       7.500	           0	    15.60000
       8.500	           0	    16.50000
       9.500	           0	    16.00000
      10.500	           0	    12.20000
      11.500	           0	     9.60000
      12.500	           0	     8.90000
      13.500	           0	    11.90000
      14.500	           0	    11.30000
      15.500	           0	    13.40000
      16.500	           0	    13.20000
      17.500	           0	    17.10000
      18.500	           0	    17.50000
      19.500	           0	    17.20000
      20.500	           0	    18.00000
      21.500	           0	    16.00000
      22.500	           0	    12.30000
      23.500	           0	     8.90000
      24.500	           0	     9.40000
      25.500	           0	    10.00000
      26.500	           0	    10.60000
      27.500	           0	    13.80000
      28.500	           0	    14.00000
      29.500	           0	    15.50000
      30.500	           0	    15.00000
      31.500	           0	    17.00000
      32.500	           0	    15.90000
      33.500	           0	    15.90000
      34.500	           0	    14.00000
      35.500	           0	    10.60000
      36.500	           0	     8.10000
      37.500	           0	    14.00000
      38.500	           0	    11.40000
      39.500	           0	    11.90000
      40.500	           0	    14.40000
      41.500	           0	    15.70000
      42.500	           0	    16.90000
      43.500	           0	    16.80000
      44.500	           0	    18.70000
      45.500	           0	    16.30000
      46.500	           0	    12.90000
      47.500	           0	     8.30000
      48.500	           0	     8.90000
      49.500	           0	    11.30000
      50.500	           0	    10.80000
      51.500	           0	    12.30000
      52.500	           0	    12.70000
      53.500	           0	    15.70000
      54.500	           0	    16.50000
      55.500	           0	    16.90000
      56.500	           0	    17.60000
      57.500	           0	    16.90000
      58.500	           0	    11.80000
      59.500	           0	    10.60000
      60.500	           0	     9.50000
      61.500	           0	    10.90000
      62.500	           0	    11.40000
      63.500	           0	    12.70000
      64.500	           0	    13.50000
      65.500	           0	    13.60000
      66.500	           0	    14.80000
      67.500	           0	    17.10000
      68.500	           0	    16.00000
      69.500	           0	    17.40000
      70.500	           0	    13.60000
      71.500	           0	     7.60000
      72.500	           0	     9.50000
      73.500	           0	     9.70000
      74.500	           0	    11.60000
      75.500	           0	    14.30000
      76.500	           0	    13.60000
      77.500	           0	    16.20000
      78.500	           0	    14.80000
      79.500	           0	    17.10000
      80.500	           0	    17.60000
      81.500	           0	    16.20000
      82.500	           0	    12.80000
      83.500	           0	     9.40000
      84.500	           0	    10.10000
      85.500	           0	    11.10000
      86.500	           0	    10.70000
      87.500	           0	     9.70000
      88.500	           0	    15.00000
      89.500	           0	    14.60000
      90.500	           0	    16.40000
      91.500	           0	    16.30000
      92.500	           0	    17.90000
      93.500	           0	    17.70000
      94.500	           0	    14.70000
      95.500	           0	    10.20000
      96.500	           0	     9.10000
      97.500	           0	    13.00000
      98.500	           0	    13.20000
      99.500	           0	    13.40000
     100.500	           0	    13.50000
     101.500	           0	    16.50000
     102.500	           0	    15.70000
     103.500	           0	    16.80000
     104.500	           0	    17.90000
     105.500	           0	    15.10000
     106.500	           0	    12.20000
     107.500	           0	     8.80000
     108.500	           0	     8.50000
     109.500	           0	     9.40000
     110.500	           0	    11.90000
     111.500	           0	    12.30000
     112.500	           0	    14.60000
     113.500	           0	    15.30000
     114.500	           0	    15.90000
     115.500	           0	    17.50000
     116.500	           0	    17.20000
     117.500	           0	    16.50000
     118.500	           0	    14.80000
     119.500	           0	    12.30000
     120.500	           0	    12.10000
     121.500	           0	    13.60000
     122.500	           0	    14.10000
     123.500	           0	    12.40000
     124.500	           0	    15.80000
     125.500	           0	    15.50000
     126.500	           0	    16.60000
     127.500	           0	    16.00000
     128.500	           0	    19.20000
     129.500	           0	    15.10000
     130.500	           0	    13.90000
     131.500	           0	     9.70000
     132.500	           0	    10.20000
     133.500	           0	    10.60000
     134.500	           0	    11.70000
     135.500	           0	    11.80000
     136.500	           0	    13.10000
     137.500	           0	    15.50000
     138.500	           0	    16.60000
     139.500	           0	    17.50000
     140.500	           0	    19.00000
     141.500	           0	    14.70000
     142.500	           0	    12.40000
     143.500	           0	     8.40000
     144.500	           0	     8.60000
     145.500	           0	    11.70000
     146.500	           0	    13.40000
     147.500	           0	    13.40000
     148.500	           0	    14.70000
     149.500	           0	    15.50000
     150.500	           0	    17.50000
     151.500	           0	    17.20000
     152.500	           0	    16.90000
     153.500	           0	    16.00000
     154.500	           0	    12.00000
     155.500	           0	     7.70000
     156.500	           0	     9.40000
     157.500	           0	    12.20000
     158.500	           0	    10.80000
     159.500	           0	    14.20000
     160.500	           0	    14.80000
     161.500	           0	    18.00000
     162.500	           0	    16.90000
     163.500	           0	    16.10000
     164.500	           0	    17.70000
     165.500	           0	    16.80000
     166.500	           0	    11.60000
     167.500	           0	    10.30000
     168.500	           0	     9.40000
     169.500	           0	     9.90000
     170.500	           0	    11.60000
     171.500	           0	    12.90000
     172.500	           0	    14.00000
     173.500	           0	    16.10000
     174.500	           0	    16.90000
     175.500	           0	    16.40000
     176.500	           0	    16.60000
     177.500	           0	    16.80000
     178.500	           0	    12.90000
     179.500	           0	    10.10000
     180.500	           0	    10.00000
     181.500	           0	    10.90000
     182.500	           0	    10.90000
     183.500	           0	    10.40000
     184.500	           0	    14.20000
     185.500	           0	    14.70000
     186.500	           0	    16.20000
     187.500	           0	    16.20000
     188.500	           0	    16.30000
     189.500	           0	    15.20000
     190.500	           0	    12.00000
     191.500	           0	    11.10000
     192.500	           0	    10.90000
     193.500	           0	    11.20000
     194.500	           0	    11.00000
     195.500	           0	    12.10000
     196.500	           0	    15.30000
     197.500	           0	    18.10000
     198.500	           0	    16.90000
     199.500	           0	    18.00000
     200.500	           0	    17.50000
     201.500	           0	    17.00000
     202.500	           0	    15.10000
     203.500	           0	    11.10000
     204.500	           0	     9.30000
     205.500	           0	    12.40000
     206.500	           0	    11.10000
     207.500	           0	    13.40000
     208.500	           0	    13.20000
     209.500	           0	    15.50000
     210.500	           0	    16.30000
     211.500	           0	    17.00000
     212.500	           0	    16.80000
     213.500	           0	    15.60000
     214.500	           0	    12.80000
     215.500	           0	    10.90000
     216.500	           0	    11.60000
     217.500	           0	    11.80000
     218.500	           0	    13.80000
     219.500	           0	    12.70000
     220.500	           0	    16.90000
     221.500	           0	    15.70000
     222.500	           0	    15.80000
     223.500	           0	    16.90000
     224.500	           0	    17.60000
     225.500	           0	    16.10000
     226.500	           0	    11.90000
     227.500	           0	     8.80000
     228.500	           0	     9.40000
     229.500	           0	    10.70000
     230.500	           0	    13.00000
     231.500	           0	    13.30000
     232.500	           0	    16.30000
     233.500	           0	    17.00000
     234.500	           0	    17.30000
     235.500	           0	    17.80000
     236.500	           0	    19.60000
     237.500	           0	    16.90000
     238.500	           0	    13.10000
     239.500	           0	    11.70000
     240.500	           0	    10.70000
     241.500	           0	    13.10000
     242.500	           0	    12.20000
     243.500	           0	    13.10000
     244.500	           0	    13.40000
     245.500	           0	    15.20000
     246.500	           0	    16.60000
     247.500	           0	    15.60000
     248.500	           0	    16.80000
     249.500	           0	    16.80000
     250.500	           0	    13.80000
     251.500	           0	    11.60000
     252.500	           0	    10.70000
     253.500	           0	    12.50000
     254.500	           0	    12.10000
     255.500	           0	    13.80000
     256.500	           0	    15.00000
     257.500	           0	    19.10000
     258.500	           0	    15.80000
     259.500	           0	    16.70000
     260.500	           0	    17.00000
     261.500	           0	    14.90000
     262.500	           0	    13.60000
     263.500	           0	    11.20000
     264.500	           0	     8.00000
     265.500	           0	    11.80000
     266.500	           0	    10.60000
     267.500	           0	    12.60000
     268.500	           0	    14.10000
     269.500	           0	    14.40000
     270.500	           0	    16.40000
     271.500	           0	    17.30000
     272.500	           0	    17.60000
     273.500	           0	    16.40000
     274.500	           0	    11.60000
     275.500	           0	    10.40000
     276.500	           0	     9.60000
     277.500	           0	    11.80000
     278.500	           0	    11.80000
     279.500	           0	    12.40000
     280.500	           0	    14.70000
     281.500	           0	    16.50000
     282.500	           0	    17.70000
     283.500	           0	    18.60000
     284.500	           0	    19.50000
     285.500	           0	    17.60000
     286.500	           0	    12.30000
     287.500	           0	    11.00000
     288.500	           0	    10.60000
     289.500	           0	    10.90000
     290.500	           0	    13.50000
     291.500	           0	    12.30000
     292.500	           0	    16.20000
     293.500	           0	    15.50000
     294.500	           0	    17.30000
     295.500	           0	    17.00000
     296.500	           0	    20.10000
     297.500	           0	    14.90000
     298.500	           0	    11.20000
     299.500	           0	     8.40000
     300.500	           0	     8.40000
     301.500	           0	    11.50000
     302.500	           0	    10.10000
     303.500	           0	    14.00000
     304.500	           0	    13.50000
     305.500	           0	    16.40000
     306.500	           0	    17.00000
     307.500	           0	    16.40000
     308.500	           0	    15.80000
     309.500	           0	    15.30000
     310.500	           0	    10.30000
     311.500	           0	     8.60000
     312.500	           0	    11.60000
     313.500	           0	    13.00000
     314.500	           0	    13.90000
     315.500	           0	    12.70000
     316.500	           0	    14.50000
     317.500	           0	    16.50000
     318.500	           0	    16.60000
     319.500	           0	    15.90000
     320.500	           0	    15.70000
     321.500	           0	    16.40000
     322.500	           0	    14.50000
     323.500	           0	    10.60000
     324.500	           0	     9.60000
     325.500	           0	    12.20000
     326.500	           0	    12.90000
     327.500	           0	    15.00000
     328.500	           0	    16.00000
     329.500	           0	    16.30000
     330.500	           0	    17.20000
     331.500	           0	    17.40000
     332.500	           0	    17.30000
     333.500	           0	    17.20000
     334.500	           0	    13.10000
     335.500	           0	     9.50000
     336.500	           0	    10.30000
     337.500	           0	    12.80000
     338.500	           0	    13.50000
     339.500	           0	    13.90000
     340.500	           0	    14.60000
     341.500	           0	    16.20000
     342.500	           0	    17.90000
     343.500	           0	    15.90000
     344.500	           0	    15.70000
     345.500	           0	    16.40000
     346.500	           0	    14.50000
     347.500	           0	    10.60000
     348.500	           0	     9.60000
     349.500	           0	    12.20000
     350.500	           0	    12.90000
     351.500	           0	    15.00000
     352.500	           0	    16.00000
     353.500	           0	    16.60000
     354.500	           0	    17.50000
     355.500	           0	    16.70000
     356.500	           0	    16.30000
     357.500	           0	    16.20000
     358.500	           0	    14.50000
     359.500	           0	    11.20000
     360.500	           0	    10.40000
     361.500	           0	     9.70000
     362.500	           0	    11.70000
     363.500	           0	    14.70000
     364.500	           0	    14.80000
     365.500	           0	    16.80000
     366.500	           0	    17.10000
     367.500	           0	    17.60000
     368.500	           0	    18.70000
     369.500	           0	    17.30000
     370.500	           0	    13.50000
     371.500	           0	     8.40000
     372.500	           0	     9.60000
     373.500	           0	    12.20000
     374.500	           0	    12.90000
     375.500	           0	    15.00000
     376.500	           0	    16.00000
     377.500	           0	    16.30000
     378.500	           0	    17.20000
     379.500	           0	    17.40000
     380.500	           0	    17.30000
     381.500	           0	    17.20000
     382.500	           0	    13.10000
     383.500	           0	     9.50000
     384.500	           0	    10.30000
     385.500	           0	    12.80000
     386.500	           0	    13.50000
     387.500	           0	    13.90000
     388.500	           0	    14.60000
     389.500	           0	    16.20000
     390.500	           0	    17.90000
     391.500	           0	    15.90000
     392.500	           0	    15.70000
     393.500	           0	    16.40000
     394.500	           0	    14.50000
     395.500	           0	    10.60000
     396.500	           0	     9.60000
     397.500	           0	    12.20000
     398.500	           0	    12.90000
     399.500	           0	    15.00000
     400.500	           0	    16.00000
     401.500	           0	    16.60000
     402.500	           0	    17.50000
     403.500	           0	    16.70000
     404.500	           0	    16.30000
     405.500	           0	    16.20000
     406.500	           0	    14.50000
     407.500	           0	     9.90000
     408.500	           0	    11.20000
     409.500	           0	    10.50000
     410.500	           0	    13.50000
     411.500	           0	    13.30000
     412.500	           0	    14.70000
     413.500	           0	    16.60000
     414.500	           0	    15.50000
     415.500	           0	    17.80000
     416.500	           0	    16.30000
     417.500	           0	    16.60000
     418.500	           0	    10.20000
     419.500	           0	     9.10000
     420.500	           0	    11.60000
     421.500	           0	    13.10000
     422.500	           0	    12.30000
     423.500	           0	    13.20000
     424.500	           0	    14.10000
     425.500	           0	    16.50000
     426.500	           0	    19.00000
     427.500	           0	    17.40000
     428.500	           0	    17.60000
     429.500	           0	    17.20000
     430.500	           0	    15.10000
     431.500	           0	    11.90000
     432.500	           0	    10.60000
     433.500	           0	    12.30000
     434.500	           0	    13.10000
     435.500	           0	    14.70000
     436.500	           0	    15.70000
     437.500	           0	    16.50000
     438.500	           0	    16.90000
     439.500	           0	    16.90000
     440.500	           0	    16.60000
     441.500	           0	    16.10000
     442.500	           0	    13.70000
     443.500	           0	    12.20000
     444.500	           0	    10.50000
     445.500	           0	    12.20000
     446.500	           0	    13.60000
     447.500	           0	    14.50000
     448.500	           0	    17.80000
     449.500	           0	    18.60000
     450.500	           0	    18.10000
     451.500	           0	    19.10000
     452.500	           0	    16.60000
     453.500	           0	    16.50000
     454.500	           0	    13.80000
     455.500	           0	    10.20000
     456.500	           0	    10.50000
     457.500	           0	    10.00000
     458.500	           0	    12.30000
     459.500	           0	    12.60000
     460.500	           0	    14.20000
     461.500	           0	    16.60000
     462.500	           0	    18.10000
     463.500	           0	    18.20000
     464.500	           0	    17.60000
     465.500	           0	    15.40000
     466.500	           0	    11.30000
     467.500	           0	     8.10000
     468.500	           0	     8.80000
     469.500	           0	     9.30000
     470.500	           0	    10.00000
     471.500	           0	    12.50000
     472.500	           0	    13.60000
     473.500	           0	    16.20000
     474.500	           0	    17.20000
     475.500	           0	    18.00000
     476.500	           0	    17.30000
     477.500	           0	    17.60000
     478.500	           0	    13.60000
     479.500	           0	    11.00000
     480.500	           0	    10.50000
     481.500	           0	    11.40000
     482.500	           0	    12.30000
     483.500	           0	    14.20000
     484.500	           0	    16.20000
     485.500	           0	    17.50000
     486.500	           0	    17.00000
     487.500	           0	    18.00000
     488.500	           0	    18.70000
     489.500	           0	    15.30000
     490.500	           0	    11.00000
     491.500	           0	    10.70000
     492.500	           0	     9.00000
     493.500	           0	     9.80000
     494.500	           0	    12.30000
     495.500	           0	    12.00000
     496.500	           0	    17.10000
     497.500	           0	    18.00000
     498.500	           0	    17.20000
     499.500	           0	    18.30000
     500.500	           0	    16.70000
     501.500	           0	    17.20000
     502.500	           0	    13.30000
     503.500	           0	     9.70000
     504.500	           0	     8.60000
     505.500	           0	    11.20000
     506.500	           0	    11.40000
     507.500	           0	    13.10000
     508.500	           0	    14.30000
     509.500	           0	    17.00000
     510.500	           0	    17.50000
     511.500	           0	    17.50000
     512.500	           0	    17.90000
     513.500	           0	    15.50000
     514.500	           0	    13.60000
     515.500	           0	    10.20000
     516.500	           0	    11.50000
     517.500	           0	    11.30000
     518.500	           0	    13.50000
     519.500	           0	    12.40000
     520.500	           0	    15.60000
     521.500	           0	    17.90000
     522.500	           0	    18.10000
     523.500	           0	    19.50000
     524.500	           0	    19.30000
     525.500	           0	    17.30000
     526.500	           0	    11.40000
     527.500	           0	     9.90000
     528.500	           0	     9.20000
     529.500	           0	    10.70000
     530.500	           0	    15.50000
     531.500	           0	    15.00000
     532.500	           0	    16.20000
     533.500	           0	    17.80000
     534.500	           0	    17.60000
     535.500	           0	    18.10000
     536.500	           0	    20.00000
     537.500	           0	    15.50000
     538.500	           0	    12.30000
     539.500	           0	    10.30000
     540.500	           0	     8.80000
     541.500	           0	    12.30000
     542.500	           0	    13.70000
     543.500	           0	    13.60000
     544.500	           0	    15.90000
     545.500	           0	    17.20000
     546.500	           0	    18.10000
     547.500	           0	    17.20000
     548.500	           0	    16.70000
     549.500	           0	    15.70000
     550.500	           0	    13.90000
     551.500	           0	    10.30000
     552.500	           0	    10.20000
     553.500	           0	    11.50000
     554.500	           0	    10.20000
