% Tokyo, Japan (Katsuura), Station ID 47674001
%T	VER	NOAA NCDC GHCN v2 adjusted mean temp
%months since 1960-01-01	unitless	Celsius_scale
    -647.500	           0	     4.50000
    -646.500	           0	     5.30000
    -645.500	           0	     8.50000
    -644.500	           0	    13.30000
    -643.500	           0	    16.20000
    -642.500	           0	    18.60000
    -641.500	           0	    23.50000
    -640.500	           0	    24.80000
    -639.500	           0	    21.30000
    -638.500	           0	    17.20000
    -637.500	           0	    11.90000
    -636.500	           0	     9.40000
    -635.500	           0	     6.90000
    -634.500	           0	     4.60000
    -633.500	           0	     7.80000
    -632.500	           0	    13.40000
    -631.500	           0	    16.90000
    -630.500	           0	    18.90000
    -629.500	           0	    22.10000
    -628.500	           0	    25.90000
    -627.500	           0	    22.20000
    -626.500	           0	    17.20000
    -625.500	           0	    13.80000
    -624.500	           0	     7.90000
    -623.500	           0	     6.80000
    -622.500	           0	     6.00000
    -621.500	           0	     8.50000
    -620.500	           0	    13.00000
    -619.500	           0	    16.30000
    -618.500	           0	    20.40000
    -617.500	           0	    22.40000
    -616.500	           0	    25.20000
    -615.500	           0	    20.90000
    -614.500	           0	    18.10000
    -613.500	           0	    12.20000
    -612.500	           0	     8.50000
    -611.500	           0	     5.30000
    -610.500	           0	     6.00000
    -609.500	           0	     8.30000
    -608.500	           0	    14.20000
    -607.500	           0	    17.40000
    -606.500	           0	    20.50000
    -605.500	           0	    23.80000
    -604.500	           0	    26.00000
    -603.500	           0	    23.50000
    -602.500	           0	    17.40000
    -601.500	           0	    13.40000
    -600.500	           0	     8.00000
    -599.500	           0	     8.10000
    -598.500	           0	     5.40000
    -597.500	           0	     8.20000
    -596.500	           0	    13.00000
    -595.500	           0	    17.60000
    -594.500	           0	    20.40000
    -593.500	           0	    23.20000
    -592.500	           0	    24.50000
    -591.500	           0	    22.00000
    -590.500	           0	    18.00000
    -589.500	           0	    13.50000
    -588.500	           0	     7.30000
    -587.500	           0	     8.10000
    -586.500	           0	     5.40000
    -585.500	           0	    10.30000
    -584.500	           0	    14.50000
    -583.500	           0	    16.60000
    -582.500	           0	    20.60000
    -581.500	           0	    23.20000
    -580.500	           0	    25.30000
    -579.500	           0	    23.50000
    -578.500	           0	    17.90000
    -577.500	           0	    15.20000
    -576.500	           0	     8.60000
    -575.500	           0	     6.00000
    -574.500	           0	     9.00000
    -573.500	           0	     9.70000
    -572.500	           0	    13.80000
    -571.500	           0	    16.40000
    -570.500	           0	    20.50000
    -569.500	           0	    22.80000
    -568.500	           0	    25.60000
    -567.500	           0	    21.70000
    -566.500	           0	    17.40000
    -565.500	           0	    11.80000
    -564.500	           0	     8.60000
    -563.500	           0	     5.30000
    -562.500	           0	     7.10000
    -561.500	           0	     8.20000
    -560.500	           0	    15.00000
    -559.500	           0	    17.30000
    -558.500	           0	    20.90000
    -557.500	           0	    23.80000
    -556.500	           0	    25.00000
    -555.500	           0	    21.70000
    -554.500	           0	    17.70000
    -553.500	           0	    12.50000
    -552.500	           0	     8.20000
    -551.500	           0	     7.90000
    -550.500	           0	     5.60000
    -549.500	           0	    10.80000
    -548.500	           0	    13.20000
    -547.500	           0	    18.50000
    -546.500	           0	    21.20000
    -545.500	           0	    24.70000
    -544.500	           0	    26.60000
    -543.500	           0	    23.50000
    -542.500	           0	    17.60000
    -541.500	           0	    14.80000
    -540.500	           0	     9.40000
    -539.500	           0	     6.30000
    -538.500	           0	     6.20000
    -537.500	           0	     7.90000
    -536.500	           0	    12.60000
    -535.500	           0	    16.70000
    -534.500	           0	    21.40000
    -533.500	           0	    24.00000
    -532.500	           0	    26.20000
    -531.500	           0	    24.10000
    -530.500	           0	    19.40000
    -529.500	           0	    13.80000
    -528.500	           0	     9.80000
    -527.500	           0	     8.50000
    -526.500	           0	     6.60000
    -525.500	           0	     7.70000
    -524.500	           0	    13.90000
    -523.500	           0	    17.70000
    -522.500	           0	    23.30000
    -521.500	           0	    24.20000
    -520.500	           0	    25.50000
    -519.500	           0	    25.10000
    -518.500	           0	    17.70000
    -517.500	           0	    13.90000
    -516.500	           0	     9.30000
    -515.500	           0	     5.50000
    -514.500	           0	     6.60000
    -513.500	           0	     8.70000
    -512.500	           0	    13.80000
    -511.500	           0	    16.20000
    -510.500	           0	    19.10000
    -509.500	           0	    24.90000
    -508.500	           0	    25.20000
    -507.500	           0	    23.50000
    -506.500	           0	    19.20000
    -505.500	           0	    11.40000
    -504.500	           0	     7.50000
    -503.500	           0	     4.10000
    -502.500	           0	     5.70000
    -501.500	           0	     8.40000
    -500.500	           0	    12.80000
    -499.500	           0	    17.40000
    -498.500	           0	    19.80000
    -497.500	           0	    24.50000
    -496.500	           0	    26.30000
    -495.500	           0	    24.00000
    -494.500	           0	    18.30000
    -493.500	           0	    13.30000
    -492.500	           0	     7.20000
    -491.500	           0	     5.70000
    -490.500	           0	     6.40000
    -489.500	           0	    10.80000
    -488.500	           0	    14.50000
    -487.500	           0	    16.50000
    -486.500	           0	    19.90000
    -485.500	           0	    24.00000
    -484.500	           0	    25.10000
    -483.500	           0	    23.70000
    -482.500	           0	    18.50000
    -481.500	           0	    13.70000
    -480.500	           0	     7.70000
    -479.500	           0	     7.20000
    -478.500	           0	     5.00000
    -477.500	           0	     8.40000
    -476.500	           0	    13.70000
    -475.500	           0	    17.70000
    -474.500	           0	    20.50000
    -473.500	           0	    25.60000
    -472.500	           0	    27.00000
    -471.500	           0	    23.10000
    -470.500	           0	    18.40000
    -469.500	           0	    14.60000
    -468.500	           0	     8.10000
    -467.500	           0	     7.00000
    -466.500	           0	     6.10000
    -465.500	           0	     8.00000
    -464.500	           0	    15.00000
    -463.500	           0	    17.40000
    -462.500	           0	    19.20000
    -461.500	           0	    24.50000
    -460.500	           0	    26.00000
    -459.500	           0	    23.00000
    -458.500	           0	    17.20000
    -457.500	           0	    11.90000
    -456.500	           0	     8.20000
    -455.500	           0	     3.30000
    -454.500	           0	     9.40000
    -453.500	           0	     8.40000
    -452.500	           0	    14.00000
    -451.500	           0	    17.10000
    -450.500	           0	    21.30000
    -449.500	           0	    24.10000
    -448.500	           0	    26.80000
    -447.500	           0	    24.60000
    -446.500	           0	    18.60000
    -445.500	           0	    13.50000
    -444.500	           0	     7.00000
    -443.500	           0	     4.90000
    -442.500	           0	     4.90000
    -441.500	           0	     9.70000
    -440.500	           0	    13.50000
    -439.500	           0	    17.50000
    -438.500	           0	    20.60000
    -437.500	           0	    23.40000
    -436.500	           0	    26.40000
    -435.500	           0	    24.50000
    -434.500	           0	    18.90000
    -433.500	           0	    14.70000
    -432.500	           0	     8.90000
    -431.500	           0	     5.90000
    -430.500	           0	     6.80000
    -429.500	           0	     6.70000
    -428.500	           0	    15.70000
    -427.500	           0	    17.00000
    -426.500	           0	    19.90000
    -425.500	           0	    24.70000
    -424.500	           0	    26.10000
    -423.500	           0	    22.90000
    -422.500	           0	    17.60000
    -421.500	           0	    12.80000
    -420.500	           0	     8.20000
    -419.500	           0	     5.80000
    -418.500	           0	     4.30000
    -417.500	           0	     7.90000
    -416.500	           0	    12.70000
    -415.500	           0	    16.40000
    -414.500	           0	    20.10000
    -413.500	           0	    22.80000
    -412.500	           0	    25.30000
    -411.500	           0	    23.60000
    -410.500	           0	    18.30000
    -409.500	           0	    14.00000
    -408.500	           0	    10.10000
    -407.500	           0	     6.00000
    -406.500	           0	     7.00000
    -405.500	           0	     7.80000
    -404.500	           0	    12.10000
    -403.500	           0	    16.90000
    -402.500	           0	    18.90000
    -401.500	           0	    23.30000
    -400.500	           0	    25.50000
    -399.500	           0	    23.80000
    -398.500	           0	    16.90000
    -397.500	           0	    12.10000
    -396.500	           0	     7.00000
    -395.500	           0	     5.80000
    -394.500	           0	     4.60000
    -393.500	           0	     8.00000
    -392.500	           0	    13.80000
    -391.500	           0	    17.00000
    -390.500	           0	    19.60000
    -389.500	           0	    23.30000
    -388.500	           0	    25.90000
    -387.500	           0	    22.20000
    -386.500	           0	    18.20000
    -385.500	           0	    13.60000
    -384.500	           0	     9.00000
    -383.500	           0	     6.50000
    -382.500	           0	     5.90000
    -381.500	           0	     8.30000
    -380.500	           0	    13.30000
    -379.500	           0	    17.60000
    -378.500	           0	    20.40000
    -377.500	           0	    23.00000
    -376.500	           0	    24.60000
    -375.500	           0	    24.60000
    -374.500	           0	    18.20000
    -373.500	           0	    13.90000
    -372.500	           0	     7.90000
    -371.500	           0	     5.30000
    -370.500	           0	     5.40000
    -369.500	           0	     8.40000
    -368.500	           0	    13.00000
    -367.500	           0	    16.00000
    -366.500	           0	    19.70000
    -365.500	           0	    24.80000
    -364.500	           0	    26.10000
    -363.500	           0	    21.50000
    -362.500	           0	    17.90000
    -361.500	           0	    13.20000
    -360.500	           0	    10.60000
    -359.500	           0	     5.80000
    -358.500	           0	     6.80000
    -357.500	           0	    10.20000
    -356.500	           0	    14.10000
    -355.500	           0	    17.70000
    -354.500	           0	    21.10000
    -353.500	           0	    25.90000
    -352.500	           0	    26.80000
    -351.500	           0	    22.60000
    -350.500	           0	    18.50000
    -349.500	           0	    12.90000
    -348.500	           0	     8.00000
    -347.500	           0	     5.90000
    -346.500	           0	     5.10000
    -345.500	           0	     9.70000
    -344.500	           0	    12.60000
    -343.500	           0	    16.00000
    -342.500	           0	    20.60000
    -341.500	           0	    22.00000
    -340.500	           0	    26.10000
    -339.500	           0	    23.40000
    -338.500	           0	    18.00000
    -337.500	           0	    13.80000
    -336.500	           0	     9.90000
    -335.500	           0	     8.40000
    -334.500	           0	     6.00000
    -333.500	           0	     8.50000
    -332.500	           0	    13.00000
    -331.500	           0	    17.20000
    -330.500	           0	    20.30000
    -329.500	           0	    24.10000
    -328.500	           0	    26.00000
    -327.500	           0	    22.50000
    -326.500	           0	    17.90000
    -325.500	           0	    13.70000
    -324.500	           0	     8.40000
    -323.500	           0	     5.70000
    -322.500	           0	     5.90000
    -321.500	           0	     8.00000
    -320.500	           0	    13.20000
    -319.500	           0	    17.60000
    -318.500	           0	    21.50000
    -317.500	           0	    25.50000
    -316.500	           0	    27.50000
    -315.500	           0	    23.60000
    -314.500	           0	    18.40000
    -313.500	           0	    13.70000
    -312.500	           0	     8.80000
    -311.500	           0	     4.80000
    -310.500	           0	     5.80000
    -309.500	           0	     7.40000
    -308.500	           0	    12.40000
    -307.500	           0	    17.00000
    -306.500	           0	    21.00000
    -305.500	           0	    23.50000
    -304.500	           0	    25.80000
    -303.500	           0	    22.60000
    -302.500	           0	    16.30000
    -301.500	           0	    12.90000
    -300.500	           0	     8.70000
    -299.500	           0	     6.60000
    -298.500	           0	     7.20000
    -297.500	           0	     8.70000
    -296.500	           0	    12.80000
    -295.500	           0	    16.40000
    -294.500	           0	    20.20000
    -293.500	           0	    22.90000
    -292.500	           0	    24.90000
    -291.500	           0	    21.70000
    -290.500	           0	    18.60000
    -289.500	           0	    12.70000
    -288.500	           0	     8.50000
    -287.500	           0	     4.30000
    -286.500	           0	     4.60000
    -285.500	           0	     7.30000
    -284.500	           0	    12.40000
    -283.500	           0	    16.10000
    -282.500	           0	    20.70000
    -281.500	           0	    23.10000
    -280.500	           0	    25.60000
    -279.500	           0	    24.60000
    -278.500	           0	    17.30000
    -277.500	           0	    12.90000
    -276.500	           0	     9.00000
    -275.500	           0	     7.00000
    -274.500	           0	     7.90000
    -273.500	           0	     9.40000
    -272.500	           0	    13.20000
    -271.500	           0	    17.40000
    -270.500	           0	    19.10000
    -269.500	           0	    24.80000
    -268.500	           0	    26.10000
    -267.500	           0	    23.20000
    -266.500	           0	    18.20000
    -265.500	           0	    13.70000
    -264.500	           0	     8.00000
    -263.500	           0	     5.60000
    -262.500	           0	     5.20000
    -261.500	           0	    10.10000
    -260.500	           0	    14.00000
    -259.500	           0	    18.20000
    -258.500	           0	    20.60000
    -257.500	           0	    24.20000
    -256.500	           0	    25.90000
    -255.500	           0	    23.10000
    -254.500	           0	    18.10000
    -253.500	           0	    13.30000
    -252.500	           0	     8.40000
    -251.500	           0	     5.20000
    -250.500	           0	     5.80000
    -249.500	           0	     8.40000
    -248.500	           0	    13.20000
    -247.500	           0	    16.70000
    -246.500	           0	    20.10000
    -245.500	           0	    24.40000
    -244.500	           0	    25.40000
    -243.500	           0	    23.90000
    -242.500	           0	    19.30000
    -241.500	           0	    14.40000
    -240.500	           0	     8.10000
    -239.500	           0	     5.20000
    -238.500	           0	     5.50000
    -237.500	           0	     9.20000
    -236.500	           0	    13.30000
    -235.500	           0	    16.70000
    -234.500	           0	    20.90000
    -233.500	           0	    23.50000
    -232.500	           0	    24.80000
    -231.500	           0	    21.90000
    -230.500	           0	    18.90000
    -229.500	           0	    14.50000
    -228.500	           0	     9.20000
    -227.500	           0	     7.20000
    -226.500	           0	     6.70000
    -225.500	           0	     9.90000
    -224.500	           0	    13.40000
    -223.500	           0	    17.10000
    -222.500	           0	    19.90000
    -221.500	           0	    22.50000
    -220.500	           0	    24.90000
    -219.500	           0	    21.70000
    -218.500	           0	    18.80000
    -217.500	           0	    14.00000
    -216.500	           0	     9.40000
    -215.500	           0	     5.60000
    -214.500	           0	     4.70000
    -213.500	           0	    11.40000
    -212.500	           0	    13.80000
    -211.500	           0	    17.00000
    -210.500	           0	    21.20000
    -209.500	           0	    26.30000
    -208.500	           0	    26.70000
    -207.500	           0	    24.90000
    -206.500	           0	    17.90000
    -205.500	           0	    12.70000
    -204.500	           0	     8.30000
    -203.500	           0	     5.10000
    -202.500	           0	     6.00000
    -201.500	           0	     8.00000
    -200.500	           0	    12.00000
    -199.500	           0	    17.60000
    -198.500	           0	    21.20000
    -197.500	           0	    24.90000
    -196.500	           0	    27.10000
    -195.500	           0	    25.30000
    -194.500	           0	    18.70000
    -193.500	           0	    13.40000
    -192.500	           0	     9.40000
    -191.500	           0	     5.70000
    -190.500	           0	     5.50000
    -189.500	           0	     7.40000
    -188.500	           0	    11.00000
    -187.500	           0	    17.00000
    -186.500	           0	    21.00000
    -185.500	           0	    24.40000
    -184.500	           0	    26.00000
    -183.500	           0	    23.60000
    -182.500	           0	    18.10000
    -181.500	           0	    13.10000
    -180.500	           0	     7.10000
    -179.500	           0	     3.50000
    -178.500	           0	     3.60000
    -177.500	           0	     8.10000
    -176.500	           0	    13.60000
    -175.500	           0	    15.70000
    -174.500	           0	    20.30000
    -173.500	           0	    21.80000
    -172.500	           0	    25.90000
    -171.500	           0	    23.00000
    -170.500	           0	    19.00000
    -169.500	           0	    14.20000
    -168.500	           0	     8.00000
    -167.500	           0	     6.50000
    -166.500	           0	     6.20000
    -165.500	           0	     7.80000
    -164.500	           0	    14.20000
    -163.500	           0	    16.80000
    -162.500	           0	    21.20000
    -161.500	           0	    25.50000
    -160.500	           0	    26.50000
    -159.500	           0	    23.70000
    -158.500	           0	    19.00000
    -157.500	           0	    14.70000
    -156.500	           0	     7.70000
    -155.500	           0	     6.00000
    -154.500	           0	     4.80000
    -153.500	           0	     8.10000
    -152.500	           0	    12.10000
    -151.500	           0	    17.00000
    -150.500	           0	    18.80000
    -149.500	           0	    23.30000
    -148.500	           0	    25.90000
    -147.500	           0	    24.30000
    -146.500	           0	    17.10000
    -145.500	           0	    12.80000
    -144.500	           0	     7.00000
    -143.500	           0	     7.10000
    -142.500	           0	     6.90000
    -141.500	           0	     8.00000
    -140.500	           0	    14.50000
    -139.500	           0	    17.70000
    -138.500	           0	    21.30000
    -137.500	           0	    25.60000
    -136.500	           0	    25.60000
    -135.500	           0	    23.90000
    -134.500	           0	    19.00000
    -133.500	           0	    13.70000
    -132.500	           0	    10.90000
    -131.500	           0	     8.30000
    -130.500	           0	     8.40000
    -129.500	           0	     7.70000
    -128.500	           0	    12.70000
    -127.500	           0	    17.90000
    -126.500	           0	    19.40000
    -125.500	           0	    23.60000
    -124.500	           0	    26.30000
    -123.500	           0	    22.90000
    -122.500	           0	    17.50000
    -121.500	           0	    12.60000
    -120.500	           0	     8.90000
    -119.500	           0	     7.60000
    -118.500	           0	     6.60000
    -117.500	           0	     9.60000
    -116.500	           0	    14.70000
    -115.500	           0	    19.30000
    -114.500	           0	    21.60000
    -113.500	           0	    25.20000
    -112.500	           0	    26.30000
    -111.500	           0	    24.40000
    -110.500	           0	    17.40000
    -109.500	           0	    13.00000
    -108.500	           0	     8.40000
    -107.500	           0	     5.90000
    -106.500	           0	     6.70000
    -105.500	           0	    10.50000
    -104.500	           0	    13.70000
    -103.500	           0	    18.00000
    -102.500	           0	    20.90000
    -101.500	           0	    23.20000
    -100.500	           0	    26.30000
     -99.500	           0	    21.80000
     -98.500	           0	    18.70000
     -97.500	           0	    13.20000
     -96.500	           0	    10.10000
     -95.500	           0	     7.30000
     -94.500	           0	     4.60000
     -93.500	           0	     9.30000
     -92.500	           0	    13.60000
     -91.500	           0	    17.30000
     -90.500	           0	    20.70000
     -89.500	           0	    23.80000
     -88.500	           0	    26.60000
     -87.500	           0	    23.70000
     -86.500	           0	    18.50000
     -85.500	           0	    13.90000
     -84.500	           0	     8.60000
     -83.500	           0	     5.90000
     -82.500	           0	     6.00000
     -81.500	           0	    10.90000
     -80.500	           0	    13.00000
     -79.500	           0	    17.50000
     -78.500	           0	    20.30000
     -77.500	           0	    23.80000
     -76.500	           0	    24.30000
     -75.500	           0	    23.50000
     -74.500	           0	    18.70000
     -73.500	           0	    12.40000
     -72.500	           0	    10.40000
     -71.500	           0	     6.60000
     -70.500	           0	     7.90000
     -69.500	           0	     9.40000
     -68.500	           0	    15.60000
     -67.500	           0	    17.60000
     -66.500	           0	    18.80000
     -65.500	           0	    21.90000
     -64.500	           0	    26.60000
     -63.500	           0	    24.80000
     -62.500	           0	    16.60000
     -61.500	           0	    13.70000
     -60.500	           0	     9.60000
     -59.500	           0	     6.10000
     -58.500	           0	     8.30000
     -57.500	           0	    10.30000
     -56.500	           0	    14.20000
     -55.500	           0	    18.30000
     -54.500	           0	    21.40000
     -53.500	           0	    25.50000
     -52.500	           0	    25.90000
     -51.500	           0	    23.30000
     -50.500	           0	    19.30000
     -49.500	           0	    13.20000
     -48.500	           0	    10.50000
     -47.500	           0	     6.60000
     -46.500	           0	     6.30000
     -45.500	           0	    10.40000
     -44.500	           0	    13.70000
     -43.500	           0	    17.50000
     -42.500	           0	    22.00000
     -41.500	           0	    24.40000
     -40.500	           0	    25.20000
     -39.500	           0	    23.30000
     -38.500	           0	    18.80000
     -37.500	           0	    13.70000
     -36.500	           0	     7.60000
     -35.500	           0	     8.10000
     -34.500	           0	     6.40000
     -33.500	           0	     8.20000
     -32.500	           0	    14.60000
     -31.500	           0	    16.60000
     -30.500	           0	    20.00000
     -29.500	           0	    23.70000
     -28.500	           0	    26.10000
     -27.500	           0	    21.60000
     -26.500	           0	    18.70000
     -25.500	           0	    14.60000
     -24.500	           0	    10.10000
     -23.500	           0	     7.50000
     -22.500	           0	     7.80000
     -21.500	           0	     9.70000
     -20.500	           0	    14.10000
     -19.500	           0	    17.50000
     -18.500	           0	    21.10000
     -17.500	           0	    23.20000
     -16.500	           0	    24.90000
     -15.500	           0	    23.50000
     -14.500	           0	    17.40000
     -13.500	           0	    13.20000
     -12.500	           0	    10.20000
     -11.500	           0	     6.60000
     -10.500	           0	     9.20000
      -9.500	           0	    10.20000
      -8.500	           0	    15.50000
      -7.500	           0	    17.70000
      -6.500	           0	    20.10000
      -5.500	           0	    23.50000
      -4.500	           0	    25.80000
      -3.500	           0	    24.30000
      -2.500	           0	    18.70000
      -1.500	           0	    14.30000
      -0.500	           0	     9.90000
       0.500	           0	     7.30000
       1.500	           0	     8.70000
       2.500	           0	    10.50000
       3.500	           0	    13.40000
       4.500	           0	    17.30000
       5.500	           0	    19.90000
       6.500	           0	    23.90000
       7.500	           0	    25.60000
       8.500	           0	    24.10000
       9.500	           0	    17.90000
      10.500	           0	    14.20000
      11.500	           0	     9.30000
      12.500	           0	     5.90000
      13.500	           0	     6.00000
      14.500	           0	     9.40000
      15.500	           0	    14.60000
      16.500	           0	    18.60000
      17.500	           0	    21.20000
      18.500	           0	    25.20000
      19.500	           0	    26.10000
      20.500	           0	    25.00000
      21.500	           0	    19.50000
      22.500	           0	    14.80000
      23.500	           0	     9.60000
      24.500	           0	     6.40000
      25.500	           0	     6.90000
      26.500	           0	     8.80000
      27.500	           0	    13.90000
      28.500	           0	    17.60000
      29.500	           0	    20.40000
      30.500	           0	    24.10000
      31.500	           0	    26.20000
      32.500	           0	    24.50000
      33.500	           0	    17.40000
      34.500	           0	    13.30000
      35.500	           0	     9.60000
      36.500	           0	     5.20000
      37.500	           0	     5.90000
      38.500	           0	     8.30000
      39.500	           0	    13.50000
      40.500	           0	    18.00000
      41.500	           0	    20.40000
      42.500	           0	    24.20000
      43.500	           0	    25.20000
      44.500	           0	    21.80000
      45.500	           0	    17.10000
      46.500	           0	    13.80000
      47.500	           0	    10.20000
      48.500	           0	     6.40000
      49.500	           0	     5.10000
      50.500	           0	     8.30000
      51.500	           0	    15.40000
      52.500	           0	    18.40000
      53.500	           0	    20.20000
      54.500	           0	    23.00000
      55.500	           0	    26.80000
      56.500	           0	    23.10000
      57.500	           0	    17.30000
      58.500	           0	    13.20000
      59.500	           0	     9.40000
      60.500	           0	     6.60000
      61.500	           0	     6.30000
      62.500	           0	     7.70000
      63.500	           0	    10.60000
      64.500	           0	    16.90000
      65.500	           0	    20.90000
      66.500	           0	    22.80000
      67.500	           0	    25.60000
      68.500	           0	    22.40000
      69.500	           0	    17.40000
      70.500	           0	    15.10000
      71.500	           0	     8.80000
      72.500	           0	     6.20000
      73.500	           0	     8.90000
      74.500	           0	    10.30000
      75.500	           0	    13.70000
      76.500	           0	    16.30000
      77.500	           0	    19.50000
      78.500	           0	    22.90000
      79.500	           0	    26.00000
      80.500	           0	    23.70000
      81.500	           0	    19.10000
      82.500	           0	    13.60000
      83.500	           0	     7.70000
      84.500	           0	     5.60000
      85.500	           0	     5.60000
      86.500	           0	     9.30000
      87.500	           0	    13.80000
      88.500	           0	    18.50000
      89.500	           0	    21.80000
      90.500	           0	    25.10000
      91.500	           0	    26.30000
      92.500	           0	    23.40000
      93.500	           0	    17.60000
      94.500	           0	    13.40000
      95.500	           0	     7.80000
      96.500	           0	     6.80000
      97.500	           0	     4.70000
      98.500	           0	     9.80000
      99.500	           0	    13.30000
     100.500	           0	    17.10000
     101.500	           0	    20.60000
     102.500	           0	    23.70000
     103.500	           0	    26.30000
     104.500	           0	    22.10000
     105.500	           0	    17.00000
     106.500	           0	    14.80000
     107.500	           0	    11.50000
     108.500	           0	     7.20000
     109.500	           0	     6.80000
     110.500	           0	     8.70000
     111.500	           0	    13.60000
     112.500	           0	    18.00000
     113.500	           0	    20.00000
     114.500	           0	    22.70000
     115.500	           0	    25.50000
     116.500	           0	    22.60000
     117.500	           0	    17.50000
     118.500	           0	    13.40000
     119.500	           0	     8.70000
     120.500	           0	     5.70000
     121.500	           0	     7.40000
     122.500	           0	     6.10000
     123.500	           0	    12.80000
     124.500	           0	    18.10000
     125.500	           0	    19.40000
     126.500	           0	    23.20000
     127.500	           0	    25.40000
     128.500	           0	    23.80000
     129.500	           0	    18.10000
     130.500	           0	    13.30000
     131.500	           0	     8.40000
     132.500	           0	     6.40000
     133.500	           0	     6.60000
     134.500	           0	     8.70000
     135.500	           0	    13.00000
     136.500	           0	    17.10000
     137.500	           0	    20.60000
     138.500	           0	    23.50000
     139.500	           0	    26.10000
     140.500	           0	    21.70000
     141.500	           0	    16.80000
     142.500	           0	    12.70000
     143.500	           0	     9.60000
     144.500	           0	     8.70000
     145.500	           0	     6.90000
     146.500	           0	     9.70000
     147.500	           0	    13.40000
     148.500	           0	    17.50000
     149.500	           0	    20.50000
     150.500	           0	    24.00000
     151.500	           0	    25.10000
     152.500	           0	    23.20000
     153.500	           0	    19.00000
     154.500	           0	    13.70000
     155.500	           0	     9.90000
     156.500	           0	     7.40000
     157.500	           0	     8.10000
     158.500	           0	     8.10000
     159.500	           0	    15.30000
     160.500	           0	    16.90000
     161.500	           0	    19.70000
     162.500	           0	    24.30000
     163.500	           0	    26.00000
     164.500	           0	    22.70000
     165.500	           0	    18.00000
     166.500	           0	    12.90000
     167.500	           0	     7.60000
     168.500	           0	     5.10000
     169.500	           0	     6.20000
     170.500	           0	     8.40000
     171.500	           0	    14.30000
     172.500	           0	    18.00000
     173.500	           0	    21.00000
     174.500	           0	    22.70000
     175.500	           0	    26.10000
     176.500	           0	    22.50000
     177.500	           0	    18.40000
     178.500	           0	    12.60000
     179.500	           0	     7.70000
     180.500	           0	     6.20000
     181.500	           0	     5.90000
     182.500	           0	     8.10000
     183.500	           0	    13.40000
     184.500	           0	    17.70000
     185.500	           0	    20.70000
     186.500	           0	    23.40000
     187.500	           0	    24.90000
     188.500	           0	    24.30000
     189.500	           0	    17.80000
     190.500	           0	    13.50000
     191.500	           0	     7.80000
     192.500	           0	     6.50000
     193.500	           0	     7.70000
     194.500	           0	     9.30000
     195.500	           0	    12.80000
     196.500	           0	    17.00000
     197.500	           0	    20.30000
     198.500	           0	    22.00000
     199.500	           0	    24.20000
     200.500	           0	    22.30000
     201.500	           0	    17.80000
     202.500	           0	    12.00000
     203.500	           0	     8.50000
     204.500	           0	     4.20000
     205.500	           0	     5.40000
     206.500	           0	     9.60000
     207.500	           0	    14.00000
     208.500	           0	    17.00000
     209.500	           0	    20.50000
     210.500	           0	    24.40000
     211.500	           0	    24.50000
     212.500	           0	    23.90000
     213.500	           0	    19.00000
     214.500	           0	    15.60000
     215.500	           0	    10.20000
     216.500	           0	     6.60000
     217.500	           0	     5.20000
     218.500	           0	     8.80000
     219.500	           0	    13.30000
     220.500	           0	    18.00000
     221.500	           0	    21.10000
     222.500	           0	    25.90000
     223.500	           0	    26.50000
     224.500	           0	    22.70000
     225.500	           0	    18.20000
     226.500	           0	    13.90000
     227.500	           0	     9.70000
     228.500	           0	     7.80000
     229.500	           0	     9.90000
     230.500	           0	    10.20000
     231.500	           0	    13.40000
     232.500	           0	    17.20000
     233.500	           0	    21.10000
     234.500	           0	    23.50000
     235.500	           0	    26.20000
     236.500	           0	    23.80000
     237.500	           0	    19.80000
     238.500	           0	    15.40000
     239.500	           0	    11.00000
     240.500	           0	     6.80000
     241.500	           0	     5.70000
     242.500	           0	     8.90000
     243.500	           0	    13.10000
     244.500	           0	    18.00000
     245.500	           0	    21.60000
     246.500	           0	    23.50000
     247.500	           0	    23.30000
     248.500	           0	    22.80000
     249.500	           0	    18.70000
     250.500	           0	    14.00000
     251.500	           0	     8.80000
     252.500	           0	     5.00000
     253.500	           0	     5.90000
     254.500	           0	     9.10000
     255.500	           0	    13.30000
     256.500	           0	    16.90000
     257.500	           0	    19.90000
     258.500	           0	    24.40000
     259.500	           0	    25.50000
     260.500	           0	    21.80000
     261.500	           0	    18.20000
     262.500	           0	    11.50000
     263.500	           0	     8.60000
     264.500	           0	     6.60000
     265.500	           0	     6.20000
     266.500	           0	    10.00000
     267.500	           0	    13.30000
     268.500	           0	    18.60000
     269.500	           0	    20.30000
     270.500	           0	    22.10000
     271.500	           0	    25.10000
     272.500	           0	    22.30000
     273.500	           0	    17.80000
     274.500	           0	    15.30000
     275.500	           0	    10.10000
     276.500	           0	     6.90000
     277.500	           0	     6.60000
     278.500	           0	     8.90000
     279.500	           0	    14.60000
     280.500	           0	    18.30000
     281.500	           0	    19.30000
     282.500	           0	    22.70000
     283.500	           0	    26.20000
     284.500	           0	    22.90000
     285.500	           0	    18.10000
     286.500	           0	    12.70000
     287.500	           0	     7.50000
     288.500	           0	     4.30000
     289.500	           0	     3.60000
     290.500	           0	     6.00000
     291.500	           0	    11.40000
     292.500	           0	    15.90000
     293.500	           0	    20.90000
     294.500	           0	    25.20000
     295.500	           0	    26.50000
     296.500	           0	    22.90000
     297.500	           0	    17.70000
     298.500	           0	    13.20000
     299.500	           0	     9.00000
     300.500	           0	     5.10000
     301.500	           0	     7.30000
     302.500	           0	     8.30000
     303.500	           0	    13.70000
     304.500	           0	    17.70000
     305.500	           0	    19.70000
     306.500	           0	    24.50000
     307.500	           0	    26.40000
     308.500	           0	    22.90000
     309.500	           0	    18.30000
     310.500	           0	    14.10000
     311.500	           0	     8.30000
     312.500	           0	     5.50000
     313.500	           0	     4.80000
     314.500	           0	     8.40000
     315.500	           0	    13.50000
     316.500	           0	    16.70000
     317.500	           0	    19.80000
     318.500	           0	    23.60000
     319.500	           0	    26.10000
     320.500	           0	    23.80000
     321.500	           0	    17.00000
     322.500	           0	    12.70000
     323.500	           0	     9.50000
     324.500	           0	     6.70000
     325.500	           0	     7.20000
     326.500	           0	     9.80000
     327.500	           0	    13.40000
     328.500	           0	    18.00000
     329.500	           0	    20.00000
     330.500	           0	    24.10000
     331.500	           0	    25.90000
     332.500	           0	    22.80000
     333.500	           0	    18.90000
     334.500	           0	    13.50000
     335.500	           0	     9.60000
     336.500	           0	     8.50000
     337.500	           0	     5.30000
     338.500	           0	     8.90000
     339.500	           0	    13.90000
     340.500	           0	    17.10000
     341.500	           0	    21.20000
     342.500	           0	    22.10000
     343.500	           0	    26.30000
     344.500	           0	    23.30000
     345.500	           0	    17.60000
     346.500	           0	    12.20000
     347.500	           0	     8.90000
     348.500	           0	     8.70000
     349.500	           0	     8.20000
     350.500	           0	    10.00000
     351.500	           0	    14.80000
     352.500	           0	    17.30000
     353.500	           0	    19.80000
     354.500	           0	    23.50000
     355.500	           0	    26.30000
     356.500	           0	    24.60000
     357.500	           0	    18.00000
     358.500	           0	    15.00000
     359.500	           0	     9.50000
     360.500	           0	     6.50000
     361.500	           0	     8.80000
     362.500	           0	    10.60000
     363.500	           0	    14.10000
     364.500	           0	    17.80000
     365.500	           0	    21.40000
     366.500	           0	    24.10000
     367.500	           0	    27.20000
     368.500	           0	    24.40000
     369.500	           0	    19.50000
     370.500	           0	    16.20000
     371.500	           0	    10.50000
